image_width: 640
image_height: 480
camera_name: webcam
camera_matrix:
  rows: 3
  cols: 3
  data: [552.7086220410562, 0, 336.3525316899972, 0, 550.5841664651768, 243.1907608366296, 0, 0, 1]
distortion_model: plumb_bob
distortion_coefficients:
  rows: 1
  cols: 5
  data: [0.03898838265178905, -0.2368008755966386, -0.005220219499369373, 0.0006088209798592821, 0]
rectification_matrix:
  rows: 3
  cols: 3
  data: [1, 0, 0, 0, 1, 0, 0, 0, 1]
projection_matrix:
  rows: 3
  cols: 4
  data: [544.0089721679688, 0, 338.3106314538636, 0, 0, 549.9463500976562, 241.5770418273751, 0, 0, 0, 1, 0]